1.460755969351E9 30 -88 -15 130 2147483647
1.460755972842E9 28 -88 -10 130 2147483647
1.460755975093E9 30 -88 -15 130 2147483647
1.460755979585E9 30 -89 -15 130 2147483647
1.460755981822E9 30 -86 -14 130 2147483647
1.46075598406E9 30 -87 -14 130 2147483647
1.460755988543E9 30 -88 -15 130 2147483647
1.46075599078E9 30 -89 -16 130 2147483647
1.46075599302E9 30 -89 -16 130 2147483647
1.460755997502E9 30 -88 -15 130 2147483647
1.460755999744E9 30 -87 -15 130 2147483647
1.460756001983E9 27 -88 -9 130 2147483647
1.460756006464E9 27 -87 -9 130 2147483647
1.460756007357E9 27 -88 -9 130 2147483647
1.460756010404E9 28 -87 -10 130 2147483647
1.460756013424E9 28 -88 -10 130 2147483647
1.460756015437E9 28 -87 -8 130 2147483647
1.460756019456E9 29 -87 -10 130 2147483647
1.460756022464E9 27 -89 -9 130 2147483647
1.46075602548E9 27 -87 -9 130 2147483647
1.460756028506E9 27 -89 -10 130 2147483647
1.460756031124E9 28 -86 -5 130 2147483647
1.460756031538E9 28 -87 -10 130 2147483647
1.460756037563E9 29 -87 -13 130 2147483647
1.46075604361E9 28 -88 -11 130 2147483647
1.460756046681E9 30 -86 -11 130 2147483647
1.460756049646E9 29 -88 -12 130 2147483647
1.460756052686E9 29 -89 -10 130 2147483647
1.460756058705E9 29 -89 -9 130 2147483647
1.460756061724E9 30 -87 -11 130 2147483647
1.460756064723E9 28 -89 -11 130 2147483647
1.460756067747E9 30 -88 -11 130 2147483647
1.46075607077E9 29 -87 -10 130 2147483647
1.460756079812E9 29 -87 -10 130 2147483647
1.460756082644E9 29 -87 -9 130 2147483647
1.460756085844E9 28 -88 -11 130 2147483647
1.460756088867E9 30 -88 -15 130 2147483647
1.460756091606E9 30 -88 -13 130 2147483647
1.46075609491E9 30 -89 -12 130 2147483647
1.460756097926E9 29 -89 -11 130 2147483647
1.460756100582E9 30 -85 -13 130 2147483647
1.460756103936E9 29 -88 -12 130 2147483647
1.460756106945E9 29 -87 -10 130 2147483647
1.460756109546E9 31 -88 -16 130 2147483647
1.460756112986E9 31 -88 -16 130 2147483647
1.460756116002E9 30 -88 -15 130 2147483647
1.460756118507E9 31 -87 -16 130 2147483647
1.460756122052E9 30 -89 -16 130 2147483647
1.460756125083E9 30 -88 -15 130 2147483647
1.460756127463E9 30 -88 -15 130 2147483647
1.460756134142E9 30 -86 -10 130 2147483647
1.460756136422E9 29 -88 -10 130 2147483647
1.460756140186E9 30 -88 -15 130 2147483647
1.460756143135E9 30 -87 -15 130 2147483647
1.460756145382E9 28 -88 -10 130 2147483647
1.460756149242E9 30 -89 -15 130 2147483647
1.460756155283E9 31 -89 -16 130 2147483647
1.460756158303E9 31 -88 -16 130 2147483647
1.460756161063E9 31 -88 -15 130 2147483647
1.460756164344E9 31 -87 -15 130 2147483647
1.460756165544E9 30 -88 -11 130 2147483647
1.460756167364E9 31 -82 -10 130 2147483647
1.460756170027E9 31 -88 -15 130 2147483647
1.460756173384E9 30 -88 -15 130 2147483647
1.460756176404E9 30 -88 -15 130 2147483647
1.460756179001E9 30 -90 -15 130 2147483647
1.460756182444E9 31 -88 -15 130 2147483647
1.460756185462E9 31 -88 -15 130 2147483647
1.460756185724E9 29 -88 -9 130 2147483647
1.460756187962E9 29 -81 -3 130 2147483647
1.460756191518E9 29 -88 -10 130 2147483647
1.460756194525E9 27 -89 -9 130 2147483647
1.460756196924E9 28 -88 -5 130 2147483647
1.460756200564E9 29 -86 -9 130 2147483647
1.460756203585E9 28 -88 -10 130 2147483647
1.460756205883E9 28 -87 -12 130 2147483647
1.460756209621E9 29 -86 -10 130 2147483647
1.460756212622E9 29 -88 -10 130 2147483647
1.460756214863E9 31 -87 -14 130 2147483647
1.460756218705E9 29 -88 -10 130 2147483647
1.460756221584E9 29 -88 -14 130 2147483647
1.460756223822E9 29 -87 -10 130 2147483647
1.460756227765E9 30 -87 -14 130 2147483647
1.460756230542E9 28 -88 -10 130 2147483647
1.460756232791E9 28 -88 -12 130 2147483647
1.460756236807E9 28 -88 -9 130 2147483647
1.460756239502E9 30 -88 -13 130 2147483647
1.460756241738E9 28 -88 -10 130 2147483647
1.460756245845E9 30 -88 -13 130 2147483647
1.460756248462E9 30 -88 -10 130 2147483647
1.460756250708E9 28 -88 -9 130 2147483647
1.460756254902E9 31 -87 -16 130 2147483647
1.460756257416E9 28 -87 -10 130 2147483647
1.460756263924E9 28 -88 -10 130 2147483647
1.460756266378E9 28 -88 -10 130 2147483647
1.460756268624E9 29 -87 -12 130 2147483647
1.460756275347E9 29 -87 -10 130 2147483647
1.460756277606E9 28 -87 -9 130 2147483647
1.460756284321E9 28 -88 -10 130 2147483647
1.460756286558E9 28 -88 -10 130 2147483647
1.460756291041E9 28 -88 -11 130 2147483647
1.460756293278E9 28 -88 -10 130 2147483647
1.460756295523E9 28 -88 -9 130 2147483647
1.460756300003E9 30 -88 -15 130 2147483647
1.460756302236E9 30 -87 -15 130 2147483647
1.460756304482E9 30 -86 -14 130 2147483647
1.460756308962E9 30 -89 -16 130 2147483647
1.460756313442E9 29 -88 -11 130 2147483647
1.460756317923E9 30 -88 -15 130 2147483647
1.460756320162E9 31 -88 -16 130 2147483647
1.460756322404E9 31 -89 -15 130 2147483647
1.460756326881E9 31 -87 -15 130 2147483647
1.460756329122E9 31 -87 -16 130 2147483647
1.460756333387E9 31 -88 -15 130 2147483647
1.460756335843E9 31 -88 -10 130 2147483647
1.460756338082E9 28 -79 -4 130 2147483647
1.460756342465E9 31 -87 -15 130 2147483647
1.460756347042E9 31 -88 -15 130 2147483647
1.460756351507E9 31 -88 -10 130 2147483647
1.460756353764E9 31 -88 -15 130 2147483647
1.460756356003E9 31 -87 -15 130 2147483647
1.460756360485E9 31 -88 -16 130 2147483647
1.460756362722E9 31 -87 -14 130 2147483647
1.460756364961E9 31 -87 -15 130 2147483647
1.460756369447E9 30 -87 -12 130 2147483647
1.460756371687E9 31 -87 -15 130 2147483647
1.460756373921E9 28 -87 -9 130 2147483647
1.460756378404E9 30 -88 -15 130 2147483647
1.460756380643E9 28 -88 -10 130 2147483647
1.460756382895E9 29 -88 -13 130 2147483647
1.460756387381E9 29 -89 -11 130 2147483647
1.460756389623E9 28 -89 -11 130 2147483647
1.460756391864E9 28 -88 -10 130 2147483647
1.460756396339E9 29 -87 -9 130 2147483647
1.460756398581E9 29 -88 -11 130 2147483647
1.4607564053E9 29 -88 -14 130 2147483647
1.460756407543E9 29 -88 -11 130 2147483647
1.460756409779E9 29 -88 -10 130 2147483647
1.460756414261E9 30 -88 -12 130 2147483647
1.4607564165E9 30 -87 -12 130 2147483647
1.460756418742E9 30 -87 -11 130 2147483647
1.460756423224E9 29 -88 -11 130 2147483647
1.460756425461E9 30 -89 -11 130 2147483647
1.460756427701E9 29 -87 -10 130 2147483647
1.460756432201E9 29 -86 -12 130 2147483647
1.460756434443E9 29 -86 -11 130 2147483647
1.460756436683E9 30 -86 -11 130 2147483647
1.460756441162E9 30 -87 -10 130 2147483647
1.460756443404E9 30 -85 -9 130 2147483647
1.460756445662E9 30 -85 -11 130 2147483647
1.460756450121E9 29 -87 -10 130 2147483647
1.460756452362E9 30 -86 -10 130 2147483647
1.460756454596E9 30 -87 -11 130 2147483647
1.460756459083E9 30 -87 -12 130 2147483647
1.460756461323E9 29 -87 -11 130 2147483647
1.460756463563E9 30 -85 -12 130 2147483647
1.460756468043E9 29 -87 -10 130 2147483647
1.460756472516E9 29 -87 -11 130 2147483647
1.460756477001E9 31 -87 -15 130 2147483647
1.460756479262E9 28 -87 -9 130 2147483647
1.460756481501E9 28 -86 -9 130 2147483647
1.460756485979E9 31 -86 -16 130 2147483647
1.460756488224E9 28 -87 -10 130 2147483647
1.460756490459E9 28 -86 -9 130 2147483647
1.460756497184E9 28 -86 -9 130 2147483647
1.460756499422E9 28 -86 -9 130 2147483647
1.460756501665E9 31 -86 -10 130 2147483647
1.460756503902E9 29 -81 -6 130 2147483647
1.460756505424E9 30 -85 -12 130 2147483647
1.460756508381E9 31 -87 -15 130 2147483647
1.460756514484E9 31 -84 -15 130 2147483647
1.460756517342E9 28 -87 -7 130 2147483647
1.460756517495E9 31 -86 -15 130 2147483647
1.460756526542E9 31 -87 -15 130 2147483647
1.460756529561E9 31 -86 -15 130 2147483647
1.460756532582E9 29 -86 -9 130 2147483647
1.460756535603E9 31 -87 -16 130 2147483647
1.460756547683E9 31 -86 -15 130 2147483647
1.460756550704E9 31 -86 -16 130 2147483647
1.460756553722E9 31 -86 -15 130 2147483647
1.460756556742E9 31 -85 -16 130 2147483647
1.460756559767E9 31 -86 -15 130 2147483647
1.460756565805E9 31 -85 -15 130 2147483647
