1.460755378578E9 31 -86 -15 130 2147483647
1.460755379568E9 31 -88 -15 130 2147483647
1.460755386291E9 30 -89 -15 130 2147483647
1.460755388531E9 31 -86 -16 130 2147483647
1.460755393009E9 30 -87 -14 130 2147483647
1.460755395257E9 29 -89 -13 130 2147483647
1.460755396921E9 29 -87 -5 130 2147483647
1.460755399936E9 31 -78 -7 130 2147483647
1.460755402421E9 31 -87 -15 130 2147483647
1.460755404654E9 31 -84 -15 130 2147483647
1.460755406904E9 31 -86 -15 130 2147483647
1.460755411379E9 31 -83 -14 130 2147483647
1.460755413619E9 31 -88 -15 130 2147483647
1.460755415861E9 31 -83 -11 130 2147483647
1.46075542034E9 31 -85 -13 130 2147483647
1.460755422581E9 29 -86 -11 130 2147483647
1.46075542482E9 31 -88 -17 130 2147483647
